1191,333
1192,334
1193,335
1194,336
1195,337
1195,338
1196,339
1196,340
1195,341
1194,342
1193,343
1192,343
1191,343
1190,344
1189,344
1188,345
1187,345
1186,346
1185,346
1184,347
1183,347
1182,348
1181,349
1180,350
1179,351
1178,352
1178,353
1177,354
1177,355
1176,356
1175,357
1174,358
1173,359
1172,360
1171,361
1170,362
1169,363
1168,364
1168,365
1167,366
1167,367
1166,368
1166,369
1166,370
1166,371
1166,372
1166,373
1166,374
1165,375
1164,376
1164,377
1163,378
1163,379
1162,380
1161,381
1160,382
1159,383
1158,384
1157,385
1157,386
1156,387
1156,388
1155,389
1155,390
1155,391
1155,392
1155,393
1155,394
1155,395
1155,396
1154,397
1154,398
1154,399
1154,400
1153,401
1153,402
1153,403
1152,404
1152,405
1152,406
1152,407
1152,408
1152,409
1152,410
1152,411
1151,411
1150,412
1149,412
1148,413
1147,414
1146,415
1145,416
1144,417
1144,418
1143,419
1143,420
1142,421
1142,422
1142,423
1141,424
1141,425
1140,426
1140,427
1139,428
1139,429
1139,430
1139,431
1138,432
1138,433
1137,434
1136,435
1135,436
1135,437
1134,438
1134,439
1133,440
1133,441
1132,442
1131,443
1131,444
1130,445
1130,446
1129,447
1129,448
1128,449
1128,450
1127,451
1127,452
1127,453
1126,454
1125,454
1124,455
1123,456
1122,457
1121,458
1120,459
1119,460
1118,461
1117,462
1116,463
1116,464
1115,465
1114,466
1113,467
1112,468
1112,469
1111,470
1111,471
1110,472
1110,473
1109,474
1109,475
1109,476
1109,477
1108,478
1108,479
1107,480
1107,481
1107,482
1107,483
1107,484
1107,485
1107,486
1108,487
1108,488
1109,489
1109,490
1110,491
1111,492
1112,493
1113,493
1114,494
1115,494
1116,495
1117,495
1118,495
1119,495
1120,495
1121,495
1121,496
1120,497
1119,498
1118,499
1118,500
1117,501
1117,502
1116,503
1116,504
1115,505
1115,506
1114,507
1114,508
1114,509
1113,510
1113,511
1113,512
1113,513
1113,514
1112,515
1112,516
1112,517
1112,518
1111,519
1111,520
1111,521
1110,522
1109,523
1108,524
1107,524
1106,525
1105,526
1104,527
1104,528
1103,529
1102,530
1102,531
1101,532
1100,532
1100,531
1100,530
1100,529
1100,528
1101,527
1101,526
1101,525
1102,524
1102,523
1102,522
1103,521
1103,520
1103,519
1103,518
1103,517
1104,516
1105,515
1106,514
1107,513
1107,512
1108,511
1108,510
1109,509
1109,508
1109,507
1109,506
1109,505
1108,504
1108,503
1107,502
1107,501
1106,500
1105,499
1104,498
1103,498
1102,497
1101,497
1100,496
1099,496
1098,496
1097,496
1096,496
1095,496
1094,497
1093,497
1092,498
1091,498
1090,499
1089,500
1088,501
1087,502
1086,503
1085,504
1084,505
1083,505
1082,506
1081,507
1080,508
1079,509
1078,510
1077,511
1076,512
1076,513
1075,514
1075,515
1074,516
1074,517
1074,518
1073,519
1072,520
1072,521
1071,522
1070,523
1070,524
1069,525
1068,526
1068,527
1067,528
1067,529
1066,530
1065,531
1064,532
1063,533
1063,534
1062,535
1062,536
1061,537
1061,538
1061,539
1061,540
1061,541
1061,542
1062,543
1062,544
1063,545
1063,546
1064,547
1064,548
1065,549
1066,550
1067,551
1068,551
1069,552
1070,552
1071,553
1072,553
1073,553
1074,553
1075,553
1076,552
1077,552
1078,551
1079,551
1080,550
1081,549
1082,548
1083,548
1084,548
1085,547
1086,547
1087,547
1088,546
1089,546
1090,546
1091,546
1092,547
1092,548
1091,549
1091,550
1091,551
1091,552
1090,553
1090,554
1090,555
1090,556
1090,557
1090,558
1091,559
1091,560
1092,561
1092,562
1093,563
1093,564
1093,565
1093,566
1092,567
1092,568
1092,569
1092,570
1091,571
1091,572
1091,573
1090,574
1090,575
1090,576
1089,577
1089,578
1088,579
1088,580
1088,581
1088,582
1088,583
1088,584
1087,585
1087,586
1087,587
1087,588
1087,589
1086,590
1086,591
1086,592
1086,593
1086,594
1086,595
1086,596
1086,597
1086,598
1086,599
1086,600
1087,601
1087,602
1088,603
1088,604
1088,605
1088,606
1088,607
1089,608
1089,609
1089,610
1089,611
1089,612
1089,613
1089,614
1089,615
1089,616
1089,617
1089,618
1089,619
1089,620
1088,621
1088,622
1088,623
1088,624
1088,625
1088,626
1088,627
1088,628
1088,629
1088,630
1088,631
1088,632
1088,633
1088,634
1089,635
1089,636
1090,637
1090,638
1090,639
1091,640
1091,641
1091,642
1091,643
1091,644
1091,645
1091,646
1092,647
1092,648
1092,649
1092,650
1092,651
1092,652
1092,653
1092,654
1092,655
1092,656
1092,657
1092,658
1093,659
1093,660
1093,661
1093,662
1093,663
1093,664
1093,665
1094,666
1094,667
1094,668
1094,669
1094,670
1095,671
1095,672
1095,673
1096,674
1096,675
1096,676
1097,677
1097,678
1098,679
1098,680
1099,681
1099,682
1100,683
1100,684
1101,685
1101,686
1102,687
1103,688
1103,689
1104,690
1105,691
1106,692
1107,693
1108,694
1109,695
1110,696
1110,697
1110,698
1110,699
1109,700
1109,701
1108,702
1108,703
1107,704
1107,705
1107,706
1107,707
1107,708
1107,709
1108,710
1108,711
1109,712
1109,713
1110,714
1110,715
1110,716
1110,717
1110,718
1110,719
1109,720
1109,721
1109,722
1109,723
1109,724
1110,725
1110,726
1111,727
1111,728
1111,729
1111,730
1110,731
1110,732
1110,733
1110,734
1110,735
1110,736
1110,737
1110,738
1110,739
1110,740
1111,741
1110,742
1110,743
1109,744
1109,745
1109,746
1109,747
1109,748
1109,749
1110,750
1110,751
1111,752
1111,753
1112,754
1113,755
1114,756
1114,757
1114,758
1115,759
1115,760
1115,761
1115,762
1115,763
1115,764
1115,765
1115,766
1115,767
1115,768
1115,769
1115,770
1116,771
1116,772
1117,773
1117,774
1118,775
1119,776
1120,777
1121,778
1122,778
1123,779
1124,779
1125,780
1125,781
1125,782
1126,783
1126,784
1126,785
1126,786
1126,787
1126,788
1126,789
1126,790
1126,791
1126,792
1126,793
1126,794
1126,795
1126,796
1126,797
1126,798
1126,799
1126,800
1126,801
1126,802
1125,803
1125,804
1125,805
1125,806
1125,807
1125,808
1125,809
1125,810
1125,811
1125,812
1125,813
1124,814
1124,815
1124,816
1123,817
1122,818
1121,819
1120,819
1119,819
1118,819
1117,819
1116,820
1115,820
1114,821
1113,821
1112,821
1111,821
1110,821
1109,821
1108,821
1107,821
1106,821
1105,821
1104,822
1103,822
1102,823
1101,823
1100,824
1099,825
1098,825
1097,825
1096,825
1095,825
1094,824
1093,824
1092,823
1091,822
1090,821
1089,820
1088,820
1087,819
1086,819
1085,818
1084,818
1083,818
1082,818
1081,818
1080,818
1079,818
1078,818
1077,819
1076,819
1075,820
1074,820
1073,821
1072,822
1071,823
1070,824
1070,825
1069,826
1068,827
1068,828
1067,829
1066,830
1066,831
1065,832
1065,833
1064,834
1064,835
1063,836
1063,837
1062,838
1062,839
1062,840
1061,841
1061,842
1060,843
1060,844
1060,845
1059,846
1059,847
1059,848
1058,849
1058,850
1058,851
1058,852
1058,853
1058,854
1058,855
1058,856
1059,857
1059,858
1060,859
1060,860
1061,861
1062,862
1063,863
1064,863
1065,864
1066,864
1067,865
1068,865
1069,865
1070,865
1071,865
1072,866
1071,867
1070,867
1069,868
1068,869
1067,870
1067,871
1066,872
1066,873
1065,874
1065,875
1064,875
1063,875
1062,875
1061,875
1060,876
1059,876
1058,877
1057,877
1056,878
1055,879
1054,880
1054,881
1053,882
1053,883
1052,884
1052,885
1051,886
1051,887
1051,888
1051,889
1051,890
1051,891
1050,892
1050,893
1050,894
1049,895
1049,896
1048,897
1048,898
1047,899
1047,900
1046,901
1046,902
1045,903
1045,904
1044,905
1044,906
1044,907
1043,908
1043,909
1043,910
1042,911
1042,912
1041,913
1040,914
1040,915
1039,916
1039,917
1038,918
1038,919
1038,920
1037,921
1037,922
1037,923
1037,924
1037,925
1037,926
1037,927
1037,928
1037,929
1037,930
1037,931
1037,932
1037,933
1036,934
1036,935
1036,936
1036,937
1035,938
1035,939
1034,940
1034,941
1033,942
1033,943
1032,944
1032,945
1031,946
1031,947
1031,948
1031,949
1031,950
1031,951
1031,952
1031,953
1031,954
1031,955
1030,956
1030,957
1030,958
1030,959
1030,960
1031,961
1031,962
1031,963
1031,964
1031,965
1031,966
1031,967
1031,968
1031,969
1031,970
1031,971
1031,972
1032,973
1032,974
1032,975
1031,976
1031,977
1030,978
1030,979
1029,980
1029,981
1029,982
1029,983
1028,984
1028,985
1028,986
1028,987
1028,988
1028,989
1027,990
1027,991
1027,992
1027,993
1027,994
1027,995
1027,996
1027,997
1027,998
1026,999
1026,1000
1026,1001
1025,1002
1025,1003
1025,1004
1025,1005
1025,1006
1025,1007
1025,1008
1025,1009
1024,1010
1024,1011
1023,1012
1023,1013
1023,1014
1023,1015
1023,1016
1023,1017
1024,1018
1024,1019
1025,1020
1025,1021
1025,1022
1025,1023
1025,1024
1025,1025
1025,1026
1025,1027
1025,1028
1024,1029
1024,1030
1024,1031
1023,1032
1023,1033
1023,1034
1023,1035
1023,1036
1023,1037
1023,1038
1023,1039
1024,1040
1024,1041
1023,1042
1023,1043
1022,1044
1021,1044
1020,1044
1019,1043
1019,1042
1019,1041
1020,1040
1020,1039
1021,1038
1021,1037
1022,1036
1022,1035
1022,1034
1022,1033
1022,1032
1022,1031
1022,1030
1022,1029
1021,1028
1021,1027
1021,1026
1021,1025
1021,1024
1021,1023
1021,1022
1022,1021
1022,1020
1022,1019
1023,1018
1023,1011
1023,1010
1023,1009
1022,1008
1022,1007
1022,1006
1022,1005
1022,1004
1022,1003
1022,1002
1022,1001
1022,1000
1022,999
1022,998
1022,997
1022,996
1023,995
1023,994
1023,993
1024,992
1024,991
1025,990
1025,989
1025,988
1026,987
1026,986
1027,985
1027,984
1027,983
1027,982
1027,981
1027,980
1027,979
1027,978
1027,977
1027,976
1027,975
1027,974
1027,973
1027,972
1027,971
1027,970
1026,969
1026,968
1026,967
1026,966
1026,965
1026,964
1026,963
1025,962
1025,961
1025,960
1025,959
1025,958
1025,957
1025,956
1025,955
1024,954
1024,953
1024,952
1024,951
1024,950
1024,949
1024,948
1025,947
1025,946
1025,945
1025,944
1025,943
1026,942
1026,941
1026,940
1026,939
1026,938
1027,937
1027,936
1027,935
1027,934
1027,933
1027,932
1027,931
1028,930
1028,929
1028,928
1028,927
1029,926
1029,925
1029,924
1029,923
1029,922
1029,921
1029,920
1029,919
1029,918
1029,917
1029,916
1028,915
1028,914
1027,913
1027,912
1026,911
1025,910
1024,909
1023,909
1022,908
1021,908
1020,907
1019,907
1018,907
1017,907
1016,907
1015,908
1014,908
1013,909
1012,909
1011,910
1010,911
1009,912
1008,913
1008,914
1007,915
1006,916
1006,917
1005,918
1004,919
1004,920
1003,921
1003,922
1002,923
1001,924
1001,925
1000,926
999,927
999,928
998,929
998,930
997,931
997,932
996,933
996,934
995,935
994,936
994,937
993,938
993,939
992,940
992,941
991,942
991,943
990,944
990,945
989,946
989,947
988,948
988,949
988,950
987,951
987,952
986,953
986,954
985,955
985,956
984,957
984,958
983,959
983,960
982,961
982,962
982,963
981,964
981,965
980,966
980,967
980,968
979,969
979,970
978,971
978,972
978,973
977,974
977,975
977,976
976,977
976,978
975,979
975,980
975,981
974,982
974,983
974,984
973,985
973,986
973,987
972,988
972,989
971,990
971,991
971,992
970,993
970,994
970,995
969,996
969,997
968,998
968,999
968,1000
967,1001
967,1002
967,1003
966,1004
966,1005
965,1006
965,1007
965,1008
964,1009
964,1010
964,1011
963,1012
963,1013
963,1014
962,1015
962,1016
962,1017
962,1018
961,1019
961,1020
961,1021
961,1022
960,1023
960,1024
960,1025
960,1026
959,1027
959,1028
959,1029
959,1030
959,1031
959,1032
958,1033
958,1034
958,1035
958,1036
958,1037
957,1038
957,1039
957,1040
956,1041
956,1042
955,1043
954,1044
954,1045
953,1046
953,1047
952,1048
952,1049
952,1050
951,1051
951,1052
951,1053
951,1054
951,1055
951,1056
951,1057
951,1058
952,1059
952,1060
953,1061
953,1062
954,1063
954,1064
955,1065
954,1066
954,1067
953,1068
953,1069
952,1070
952,1071
952,1072
952,1073
952,1074
952,1075
952,1076
952,1077
952,1078
951,1079
951,1080
950,1081
950,1082
950,1083
950,1084
950,1085
950,1086
951,1087
951,1088
951,1089
951,1090
952,1091
952,1092
952,1093
952,1094
952,1095
952,1096
953,1097
953,1098
954,1099
954,1100
955,1101
956,1102
957,1103
957,1104
957,1105
958,1106
958,1107
958,1108
958,1109
959,1110
959,1111
959,1112
959,1113
959,1114
959,1115
960,1116
960,1117
961,1118
961,1119
961,1120
960,1121
960,1122
959,1123
959,1124
959,1125
959,1126
959,1127
959,1128
959,1129
959,1130
959,1131
959,1132
959,1133
959,1134
959,1135
959,1136
958,1137
958,1138
957,1139
957,1140
956,1141
956,1142
956,1143
956,1144
956,1145
956,1146
956,1147
956,1148
956,1149
955,1150
955,1151
954,1152
954,1153
954,1154
954,1155
953,1156
953,1157
953,1158
953,1159
953,1160
952,1161
952,1162
952,1163
952,1164
952,1165
952,1166
952,1167
952,1168
952,1169
952,1170
951,1171
951,1172
950,1173
950,1174
949,1175
949,1176
949,1177
948,1178
948,1179
948,1180
948,1181
947,1182
947,1183
946,1184
946,1185
946,1186
946,1187
946,1188
946,1189
946,1190
946,1191
947,1192
947,1193
948,1194
948,1195
948,1196
948,1197
948,1198
947,1199
947,1200
946,1201
946,1202
945,1203
945,1204
944,1205
944,1206
943,1207
942,1208
942,1209
941,1210
941,1211
940,1212
939,1213
939,1214
938,1215
938,1216
937,1217
937,1218
936,1219
936,1220
935,1221
935,1222
934,1223
934,1224
934,1225
934,1226
933,1227
933,1228
933,1229
933,1230
932,1231
932,1232
931,1233
931,1234
930,1235
930,1236
929,1237
928,1238
927,1238
926,1238
925,1238
924,1238
924,1237
924,1236
925,1235
925,1234
926,1233
926,1232
927,1231
927,1230
927,1229
927,1228
927,1227
927,1226
927,1225
927,1224
928,1223
928,1222
929,1221
929,1220
929,1219
929,1218
929,1217
929,1216
929,1215
929,1214
930,1213
930,1212
930,1211
930,1210
931,1209
931,1208
932,1207
932,1206
932,1205
933,1204
933,1203
933,1202
933,1201
934,1200
934,1199
934,1198
934,1197
934,1196
935,1195
935,1194
936,1193
937,1192
937,1191
938,1190
938,1189
939,1188
939,1187
940,1186
940,1185
940,1184
940,1183
941,1182
941,1181
941,1180
942,1179
942,1178
942,1177
943,1176
943,1175
944,1174
944,1173
945,1172
945,1171
945,1170
945,1169
945,1168
945,1167
945,1166
945,1165
945,1164
945,1163
946,1162
946,1161
946,1160
946,1159
946,1158
947,1157
947,1156
947,1155
948,1154
948,1153
949,1152
949,1151
949,1150
949,1149
949,1148
949,1147
949,1146
949,1145
949,1144
949,1143
949,1142
949,1141
949,1140
949,1139
949,1138
950,1137
950,1136
950,1135
950,1134
950,1133
950,1132
950,1131
951,1130
952,1129
953,1128
953,1127
954,1126
954,1125
955,1124
955,1123
955,1122
955,1121
955,1120
955,1119
955,1118
955,1117
955,1116
955,1115
955,1114
954,1113
954,1112
953,1111
953,1110
952,1109
952,1108
952,1107
952,1106
952,1105
952,1104
952,1103
952,1102
952,1101
951,1100
951,1099
950,1098
950,1097
949,1096
949,1095
949,1094
950,1093
950,1092
950,1091
950,1090
950,1089
950,1088
950,1087
949,1083
949,1082
948,1081
948,1080
947,1079
946,1078
945,1077
944,1076
943,1075
943,1074
943,1073
943,1072
944,1071
945,1070
945,1069
946,1068
946,1067
947,1066
947,1065
947,1064
947,1063
947,1062
947,1061
947,1060
947,1059
947,1058
947,1057
947,1056
947,1055
947,1054
947,1053
947,1052
947,1051
947,1050
948,1049
948,1048
948,1047
948,1046
949,1045
949,1044
949,1043
950,1042
950,1041
950,1040
951,1039
951,1038
951,1037
951,1036
951,1035
950,1034
950,1033
949,1032
949,1031
948,1030
947,1029
947,1028
947,1027
947,1026
947,1025
947,1024
947,1023
947,1022
948,1021
948,1020
948,1019
948,1018
948,1017
948,1016
948,1015
948,1014
948,1013
948,1012
948,1011
948,1010
948,1009
948,1008
948,1007
948,1006
948,1005
948,1004
949,1003
949,1002
949,1001
949,1000
949,999
949,998
950,997
950,996
950,995
950,994
950,993
951,992
951,991
951,990
951,989
951,988
952,987
952,986
952,985
953,984
953,983
953,982
953,981
953,980
954,979
954,978
954,977
954,976
954,975
954,974
954,973
954,972
955,971
955,970
955,969
955,968
955,967
956,966
956,965
956,964
956,963
956,962
956,961
956,960
956,959
956,958
956,957
957,956
957,955
957,954
957,953
957,952
957,951
957,950
957,949
957,948
957,947
957,946
957,945
956,944
956,943
956,942
956,941
956,940
956,939
956,938
956,937
956,936
956,935
956,934
956,933
956,932
956,931
956,930
956,929
956,928
956,927
956,926
955,925
955,924
955,923
955,922
955,921
955,920
954,919
954,918
954,917
954,916
953,915
953,914
953,913
952,912
952,911
952,910
951,909
951,908
950,907
950,906
949,905
949,904
948,903
947,902
946,901
945,900
944,900
943,899
942,899
941,898
940,898
939,898
938,898
937,898
936,898
935,898
934,899
933,899
932,900
931,900
930,901
929,902
928,903
927,904
927,905
926,906
926,907
926,905
926,904
926,903
926,902
926,901
926,900
926,899
926,898
926,897
927,896
927,895
927,894
927,893
927,892
927,891
926,890
926,889
925,888
925,887
924,886
923,885
922,884
921,883
920,883
919,882
919,881
919,880
919,879
919,878
919,877
919,876
919,875
918,874
918,873
918,872
918,871
918,870
918,869
918,868
918,867
918,866
918,865
918,864
918,863
918,862
918,861
919,860
919,859
919,858
919,857
919,856
919,855
919,854
920,853
920,852
920,851
920,850
920,849
920,848
920,847
920,846
920,845
920,844
921,843
921,842
921,841
921,840
921,839
921,838
921,837
921,836
921,835
921,834
921,833
921,832
922,831
922,830
922,829
922,828
922,827
922,826
922,825
921,824
921,823
921,822
920,821
920,820
920,819
920,818
920,817
920,816
921,815
921,814
921,813
921,812
921,811
921,810
921,809
921,808
920,807
920,806
920,805
920,804
920,803
920,802
920,801
920,800
919,799
919,798
919,797
919,796
919,795
918,794
918,793
917,792
917,791
916,790
915,789
914,788
913,787
912,787
911,786
911,785
911,784
911,783
910,782
910,781
910,780
909,779
909,778
909,777
909,776
909,775
909,774
908,773
908,772
908,771
908,770
908,769
907,768
907,767
906,766
906,765
905,764
905,763
904,762
904,761
903,760
902,759
901,758
900,758
899,757
898,757
898,756
898,755
898,754
898,753
899,752
899,751
899,750
899,749
899,748
899,747
899,746
898,745
898,744
897,743
897,742
896,741
896,740
895,739
895,738
894,737
894,736
893,735
893,734
892,733
892,732
891,731
891,730
890,729
890,728
889,727
888,726
888,725
887,724
887,723
886,722
885,721
885,720
884,719
883,718
882,717
881,716
881,715
880,714
879,713
878,712
877,711
877,710
876,709
876,708
875,707
875,706
874,705
874,704
873,703
872,702
871,701
870,700
869,699
868,699
867,698
866,697
865,696
864,695
863,694
862,693
861,692
860,692
859,691
858,690
857,690
857,689
856,688
856,687
855,686
854,685
854,684
853,683
853,682
852,681
851,680
851,679
850,678
849,677
849,676
848,675
847,674
846,673
845,672
844,671
844,670
843,669
843,668
842,667
841,666
840,665
840,664
839,663
838,662
837,661
836,660
836,659
835,658
834,657
833,656
832,655
831,654
830,653
829,652
828,651
827,650
826,649
825,648
824,647
823,646
822,646
821,645
820,644
819,643
818,643
817,642
816,642
815,641
814,640
813,640
812,639
811,638
810,638
809,637
808,636
807,635
807,634
806,633
805,632
805,631
804,630
803,629
803,628
802,627
801,626
800,625
799,624
798,623
797,622
796,621
796,620
795,619
795,618
794,617
793,616
792,615
791,614
790,613
789,613
788,612
787,612
786,611
785,610
784,609
784,608
783,607
783,606
783,605
784,604
785,604
786,604
787,604
788,603
789,603
790,602
791,602
792,601
793,600
794,599
794,598
795,597
795,596
796,595
796,594
796,593
796,592
796,591
796,590
795,589
795,588
794,587
794,586
793,585
792,584
792,583
791,582
790,581
789,580
788,579
787,578
787,577
786,576
785,575
784,574
783,573
782,572
781,571
781,570
780,569
780,568
779,567
778,566
777,565
776,565
775,564
774,564
773,563
772,563
771,563
770,563
769,563
768,562
767,562
766,562
765,561
764,560
763,559
762,558
761,557
760,557
759,556
758,556
757,555
756,555
755,554
754,554
753,554
752,554
751,553
750,553
749,553
748,553
747,552
746,552
745,551
744,551
743,550
742,549
741,548
740,547
739,547
738,546
737,546
736,545
735,545
734,545
733,544
733,543
732,542
732,541
731,540
730,539
729,538
728,537
727,536
726,535
725,534
724,533
723,533
722,532
721,532
720,531
719,531
718,530
717,529
717,528
716,527
715,526
714,525
713,524
712,523
711,523
710,522
709,521
708,520
708,519
708,518
708,517
707,516
707,515
706,514
706,513
705,512
704,511
704,510
703,509
703,508
702,507
701,506
700,505
699,504
698,503
697,502
697,501
696,500
695,499
694,498
693,497
693,496
692,495
692,494
691,493
691,492
690,491
690,490
689,489
689,488
688,487
688,486
687,485
687,484
686,483
685,482
684,481
683,481
682,480
681,479
680,478
679,477
679,476
678,475
678,474
677,473
676,472
675,471
676,471
677,470
678,470
679,469
680,468
681,467
681,466
682,465
682,464
683,463
683,462
683,461
683,460
683,459
684,458
685,457
686,457
687,457
688,457
689,458
690,458
691,458
692,458
693,458
694,457
695,457
696,456
697,456
698,455
699,454
700,453
700,452
701,451
701,450
702,449
702,448
702,447
702,446
702,445
702,444
702,443
702,442
702,441
703,440
703,439
704,438
704,437
704,436
704,435
704,434
704,433
704,432
704,431
703,430
703,429
703,428
704,428
705,428
706,429
706,430
706,431
706,432
706,433
706,434
707,435
707,436
708,437
708,438
709,439
710,440
711,441
712,441
713,442
714,442
715,443
716,443
717,443
718,443
719,443
720,443
721,443
722,443
723,442
724,442
725,441
726,441
727,440
728,439
729,438
729,437
730,436
731,436
732,436
733,437
733,438
734,439
734,440
735,441
736,442
737,443
738,444
739,445
740,446
741,446
742,447
743,447
744,448
745,448
746,449
747,450
748,450
749,451
750,451
751,452
752,452
753,452
754,452
755,452
756,451
757,451
758,450
759,450
760,449
761,448
762,447
763,446
763,445
764,444
765,444
766,443
767,442
768,441
769,440
769,439
770,438
770,437
771,436
771,435
771,434
771,433
772,432
772,431
772,430
772,429
772,428
773,427
773,426
773,425
773,424
773,423
774,422
774,421
775,420
775,419
775,418
776,417
776,416
776,415
776,414
776,413
776,412
776,411
776,410
775,409
775,408
774,407
774,406
774,405
774,404
775,403
775,402
776,404
776,405
776,406
777,407
777,408
777,409
777,415
777,416
778,417
778,418
778,419
778,420
778,421
777,422
777,423
777,424
777,425
777,426
777,427
777,428
778,429
778,430
778,431
778,432
778,433
778,434
777,435
777,436
776,437
776,438
775,439
775,440
774,441
774,442
774,443
774,444
774,445
774,446
774,447
775,448
775,449
775,450
775,451
775,452
775,453
775,454
775,455
775,456
775,457
776,458
776,459
776,460
777,461
777,462
778,463
778,464
778,465
778,466
779,467
779,468
780,469
780,470
781,471
781,472
782,473
783,474
784,475
785,475
786,476
787,476
788,477
789,477
790,477
791,478
792,479
792,480
792,481
792,482
792,483
792,484
793,485
793,486
794,487
794,488
795,489
795,490
795,491
796,492
796,493
796,494
796,495
796,496
797,497
797,498
798,499
798,500
799,501
800,502
801,503
802,504
803,504
804,505
805,505
806,506
807,506
808,506
809,506
810,506
811,505
812,505
813,504
814,504
815,503
816,502
817,501
818,501
819,500
820,501
821,501
821,502
822,503
822,504
823,505
823,506
823,507
823,508
824,509
824,510
824,511
824,512
824,513
824,514
824,515
824,516
824,517
824,518
824,519
824,520
824,521
824,522
825,523
825,524
826,525
826,526
827,527
828,528
829,529
830,529
831,530
832,530
833,531
834,531
835,531
836,531
837,531
838,531
839,532
840,532
841,532
842,532
843,532
844,532
845,531
846,531
847,530
848,530
849,529
850,528
851,527
851,526
852,525
852,524
853,523
853,522
853,521
853,520
853,519
853,518
853,517
854,516
854,515
854,514
854,513
854,512
854,511
854,510
854,509
854,508
854,507
854,506
854,505
854,504
854,503
855,502
855,501
855,500
855,499
855,498
855,497
855,496
855,495
855,494
855,493
855,492
855,491
855,490
855,489
855,488
855,487
855,486
855,485
855,484
855,483
855,482
855,481
855,480
855,479
855,478
856,477
856,476
856,475
856,474
856,473
856,472
856,471
856,470
856,469
856,468
856,467
857,466
858,465
859,464
860,463
861,463
862,463
863,463
864,463
865,463
866,463
867,463
868,463
869,463
870,463
871,463
872,463
873,463
874,463
875,463
876,463
877,463
878,463
879,463
880,462
881,462
882,461
883,461
884,460
885,459
886,458
886,457
887,456
887,455
888,454
888,453
888,452
888,451
888,450
887,449
887,448
886,447
886,446
887,446
887,447
888,448
889,449
890,450
891,451
892,451
893,452
894,453
895,454
896,455
896,456
897,457
897,458
897,459
897,460
897,461
897,462
897,463
897,464
898,465
898,466
898,467
899,468
899,469
900,470
900,471
901,472
901,473
901,474
902,475
902,476
902,477
902,478
902,479
902,480
903,481
903,482
904,483
904,484
905,485
905,486
906,487
907,488
907,489
907,490
907,491
908,492
908,493
908,494
908,495
908,496
908,497
909,498
909,499
910,500
910,501
911,502
911,503
912,504
912,505
913,506
913,507
914,508
914,509
915,510
916,511
917,512
918,513
919,514
920,515
921,516
922,516
923,517
924,517
925,518
926,518
927,519
928,519
929,520
930,521
931,521
932,522
933,522
934,523
935,523
936,524
937,524
938,524
939,525
940,525
941,525
942,526
943,526
944,526
945,526
946,527
947,527
948,527
949,527
950,528
951,528
952,528
953,528
954,529
955,529
956,529
957,529
958,529
959,530
960,530
961,530
962,530
963,530
964,531
965,531
966,531
967,531
968,531
969,531
970,531
971,532
972,532
973,532
974,532
975,532
976,532
977,532
978,532
979,533
980,533
981,533
982,533
983,533
984,533
985,533
986,533
987,533
988,533
989,533
990,533
991,533
992,533
993,533
994,532
995,532
996,532
997,532
998,532
999,532
1000,532
1001,532
1002,532
1003,531
1004,531
1005,531
1006,531
1007,531
1008,531
1009,531
1010,530
1011,530
1012,530
1013,530
1014,530
1015,529
1016,529
1017,528
1018,528
1019,528
1020,527
1021,527
1022,527
1023,527
1024,527
1025,526
1026,526
1027,526
1028,526
1029,526
1030,525
1031,525
1032,525
1033,524
1034,524
1035,524
1036,523
1037,523
1038,522
1039,522
1040,521
1041,521
1042,520
1043,520
1044,519
1045,519
1046,518
1047,518
1048,517
1049,516
1050,515
1050,514
1051,514
1052,513
1053,512
1054,512
1055,512
1056,511
1057,511
1058,511
1059,510
1060,510
1061,509
1062,509
1063,508
1064,507
1065,506
1066,506
1067,505
1068,505
1069,504
1070,503
1071,503
1072,502
1073,501
1074,500
1075,499
1076,498
1077,497
1078,496
1078,495
1079,494
1079,493
1080,492
1080,491
1081,490
1081,489
1082,488
1083,487
1084,486
1085,486
1086,485
1087,484
1088,484
1089,483
1090,482
1091,481
1092,480
1093,479
1093,478
1094,477
1094,476
1095,475
1095,474
1096,473
1097,472
1098,471
1098,470
1099,469
1099,468
1100,467
1100,466
1101,465
1101,464
1101,463
1102,462
1102,461
1103,460
1103,459
1104,458
1104,457
1104,456
1104,455
1104,454
1104,453
1103,452
1104,451
1104,450
1105,449
1106,449
1107,448
1108,448
1109,448
1110,448
1111,449
1112,449
1113,450
1114,450
1115,450
1116,450
1117,450
1118,449
1119,449
1120,448
1121,448
1122,447
1123,446
1124,445
1124,444
1125,443
1125,442
1126,441
1126,440
1126,439
1126,438
1127,437
1128,436
1128,435
1129,434
1129,433
1130,432
1130,431
1130,430
1130,429
1130,428
1131,427
1131,426
1132,425
1133,424
1133,423
1134,422
1135,421
1135,420
1136,419
1136,418
1137,417
1137,416
1138,415
1138,414
1139,413
1139,412
1140,411
1140,410
1140,409
1140,408
1140,407
1140,406
1140,405
1140,404
1140,403
1141,402
1141,401
1141,400
1141,399
1141,398
1141,397
1141,396
1141,395
1141,394
1141,393
1141,392
1141,391
1141,390
1141,389
1141,388
1141,387
1142,386
1142,385
1142,384
1142,383
1142,382
1142,381
1142,380
1142,379
1142,378
1141,377
1141,376
1140,375
1140,374
1139,373
1138,372
1137,371
1136,371
1135,370
1136,369
1137,368
1137,367
1138,366
1138,365
1139,364
1139,363
1139,362
1139,361
1139,360
1139,359
1140,359
1141,358
1142,358
1143,357
1144,357
1145,356
1146,355
1147,354
1148,353
1148,352
1149,351
1149,350
1150,349
1150,348
1150,347
1151,346
1152,345
1152,344
1153,344
1154,343
1155,343
1156,344
1157,344
1158,345
1159,345
1160,346
1161,346
1162,346
1163,346
1164,346
1165,346
1166,346
1167,346
1168,346
1169,345
1170,345
1171,344
1172,344
1173,343
1174,342
1175,341
1176,340
1177,339
1178,339
1179,338
1180,338
1181,337
1182,337
1183,336
1184,336
1185,335
1186,335
1187,334
1188,334
1189,333
1190,333